MY_ACCOUNT_ID=0.0.5726078
MY_PRIVATE_KEY=3030020100300706052b8104000a04220420a7b9f6989ff480042ecfdb0f1aee605ec59a6b0937adf9264e4c6fbbfef295bc

#Hackathon Bonds testing
HEDERA_NETWORK=testnet
OPERATOR_ID=0.0.5726078
OPERATOR_KEY=3030020100300706052b8104000a04220420a7b9f6989ff480042ecfdb0f1aee605ec59a6b0937adf9264e4c6fbbfef295bc
